SampleID	Root;Other;Other	Root;k__Bacteria;Other	Root;k__Bacteria;p__Acidobacteria	Root;k__Bacteria;p__Actinobacteria	Root;k__Bacteria;p__Armatimonadetes	Root;k__Bacteria;p__BRC1	Root;k__Bacteria;p__Bacteroidetes	Root;k__Bacteria;p__Chlorobi	Root;k__Bacteria;p__Chloroflexi	Root;k__Bacteria;p__Cyanobacteria	Root;k__Bacteria;p__Firmicutes	Root;k__Bacteria;p__Fusobacteria	Root;k__Bacteria;p__GN02	Root;k__Bacteria;p__Gemmatimonadetes	Root;k__Bacteria;p__Nitrospirae	Root;k__Bacteria;p__OP11	Root;k__Bacteria;p__Planctomycetes	Root;k__Bacteria;p__Proteobacteria	Root;k__Bacteria;p__SC4	Root;k__Bacteria;p__SM2F11	Root;k__Bacteria;p__SPAM	Root;k__Bacteria;p__SR1	Root;k__Bacteria;p__Spirochaetes	Root;k__Bacteria;p__Synergistetes	Root;k__Bacteria;p__TM7	Root;k__Bacteria;p__Tenericutes	Root;k__Bacteria;p__Thermi	Root;k__Bacteria;p__Verrucomicrobia	Root;k__Bacteria;p__WPS-2	Root;k__Bacteria;p__ZB2
Hand105	0.0	0.0	0.0	0.733333333333	0.0	0.0	0.0	0.0	0.0	0.0	0.0	0.0	0.0	0.0	0.0	0.0	0.0	0.266666666667	0.0	0.0	0.0	0.0	0.0	0.0	0.0	0.0	0.0	0.0	0.0	0.0
Hand107	0.0	0.00199322304166	0.000398644608332	0.856687263305	0.0	0.0	0.00279051225832	0.0	0.000398644608332	0.00259118995416	0.0546143113414	0.00259118995416	0.0	0.0	0.0	0.0	0.0	0.0771377317122	0.0	0.0	0.0	0.0	0.0	0.0	0.0	0.0	0.000797289216663	0.0	0.0	0.0
Hand23	0.0	0.000983042516589	0.000245760629147	0.762349471615	0.0	0.0	0.010076185795	0.0	0.000983042516589	0.0115507495699	0.0447284345048	0.000491521258294	0.0	0.0	0.0	0.0	0.000737281887442	0.166379945933	0.0	0.0	0.0	0.0	0.0	0.0	0.00147456377488	0.0	0.0	0.0	0.0	0.0
Hand24	0.0	0.0	0.0	0.70736629667	0.0	0.0	0.0128657921292	0.0	0.000756811301715	0.0156407669021	0.0383451059536	0.00050454086781	0.0	0.00050454086781	0.0	0.0	0.00050454086781	0.222754793138	0.0	0.0	0.0	0.0	0.0	0.0	0.0	0.000252270433905	0.00050454086781	0.0	0.0	0.0
Hand25	0.0	0.00178117048346	0.000254452926209	0.844020356234	0.0	0.0	0.00534351145038	0.0	0.00101781170483	0.00661577608142	0.0297709923664	0.000508905852417	0.0	0.0	0.0	0.0	0.0	0.110178117048	0.0	0.0	0.0	0.0	0.0	0.0	0.000254452926209	0.0	0.0	0.000254452926209	0.0	0.0
Hand26	0.0	0.00131233595801	0.0	0.842782152231	0.0	0.0	0.00367454068241	0.0	0.0	0.00209973753281	0.0372703412073	0.0	0.0	0.0	0.0	0.0	0.0	0.112860892388	0.0	0.0	0.0	0.0	0.0	0.0	0.0	0.0	0.0	0.0	0.0	0.0
Hand27	0.0	0.00164880461665	0.000412201154163	0.819455894477	0.0	0.0	0.00206100577082	0.0	0.000412201154163	0.00700741962077	0.045548227535	0.000824402308326	0.0	0.0	0.0	0.0	0.0	0.121805441055	0.0	0.0	0.0	0.0	0.0	0.0	0.000618301731245	0.0	0.000206100577082	0.0	0.0	0.0
Hand28	0.0	0.0023657440265	0.00023657440265	0.81428909392	0.00212916962385	0.0	0.00709723207949	0.0	0.000709723207949	0.0108824225219	0.0421102436716	0.0	0.0	0.0	0.0	0.0	0.0	0.120179796546	0.0	0.0	0.0	0.0	0.0	0.0	0.0	0.0	0.0	0.0	0.0	0.0
Hand29	0.0	0.001092001092	0.000546000546001	0.870870870871	0.0	0.0	0.011739011739	0.0	0.0	0.00273000273	0.041223041223	0.0	0.0	0.000819000819001	0.0	0.0	0.0	0.0693420693421	0.0	0.0	0.0	0.0	0.0	0.000273000273	0.000273000273	0.0	0.001092001092	0.0	0.0	0.0
Hand30	0.0	0.00732031943212	0.0272848269743	0.725598935226	0.000887311446318	0.0	0.0086512866016	0.0	0.0075421472937	0.00820763087844	0.034826974268	0.0011091393079	0.000221827861579	0.00488021295475	0.00177462289264	0.0	0.000221827861579	0.168145519077	0.0	0.0	0.00133096716948	0.0	0.0	0.0	0.000665483584738	0.0	0.0	0.0	0.000665483584738	0.000665483584738
Hand31	0.0	0.000223313979455	0.0	0.788298347477	0.000669941938365	0.0	0.00625279142474	0.0	0.0	0.0158552925413	0.0518088432336	0.0	0.0	0.0	0.0	0.0	0.00044662795891	0.136444841447	0.0	0.0	0.0	0.0	0.0	0.0	0.0	0.0	0.0	0.0	0.0	0.0
Hand32	0.000251414204903	0.00377121307354	0.00188560653677	0.796983029541	0.000628535512256	0.0	0.00967944688875	0.0	0.00100565681961	0.00905091137649	0.0443746071653	0.00100565681961	0.0	0.000502828409805	0.0	0.0	0.0	0.129604022627	0.0	0.0	0.0	0.0	0.0	0.0	0.000125707102451	0.000502828409805	0.000377121307354	0.000251414204903	0.0	0.0
Hand33	0.0	0.0	0.0	0.851347166305	0.0	0.0	0.0071229482812	0.0	0.0	0.00557448126355	0.0576029730567	0.0	0.0	0.0	0.0	0.0	0.0	0.0780427376897	0.0	0.0	0.0	0.0	0.0	0.0	0.0	0.0	0.000309693403531	0.0	0.0	0.0
Hand34	0.0	0.00198807157058	0.0	0.878727634195	0.0	0.0	0.00745526838966	0.0	0.0	0.00596421471173	0.0392644135189	0.000994035785288	0.0	0.000994035785288	0.0	0.000497017892644	0.0	0.0641153081511	0.0	0.0	0.0	0.0	0.0	0.0	0.0	0.0	0.0	0.0	0.0	0.0
Hand35	0.0	0.00081516201345	0.000407581006725	0.831669044223	0.0	0.0	0.00713266761769	0.0	0.00122274302018	0.00509476258406	0.0432035867129	0.00122274302018	0.0	0.0	0.0	0.0	0.0	0.107601385775	0.0	0.0	0.0	0.0	0.0	0.0	0.0	0.00142653352354	0.000203790503363	0.0	0.0	0.0
Hand36	0.0	0.000519885625162	0.0	0.885365219652	0.0	0.0	0.00207954250065	0.0	0.0	0.00311931375097	0.0267741096959	0.0	0.0	0.0	0.0	0.0	0.0	0.0821419287757	0.0	0.0	0.0	0.0	0.0	0.0	0.0	0.0	0.0	0.0	0.0	0.0
Hand38	0.0	0.00300751879699	0.00107411385607	0.8283566058	0.000859291084855	0.0	0.0137486573577	0.0	0.000429645542427	0.0094522019334	0.0487647690655	0.000429645542427	0.0	0.0	0.0	0.0	0.0	0.0932330827068	0.0	0.0	0.0	0.0	0.0	0.0	0.0	0.000644468313641	0.0	0.0	0.0	0.0
Hand39	0.0	0.00160256410256	0.00240384615385	0.862179487179	0.0	0.0	0.00240384615385	0.0	0.00240384615385	0.00480769230769	0.0288461538462	0.00160256410256	0.0	0.000801282051282	0.0	0.0	0.0	0.0921474358974	0.0	0.0	0.0	0.0	0.0	0.0	0.0	0.0	0.000801282051282	0.0	0.0	0.0
Hand40	0.0	0.00281096275474	0.0024595924104	0.760365425158	0.0	0.0	0.0186226282502	0.0	0.0	0.00808151791989	0.0650035137034	0.0	0.0	0.0	0.0	0.0	0.0	0.140548137737	0.0	0.0	0.0	0.0	0.0	0.0	0.0	0.00210822206606	0.0	0.0	0.0	0.0
Hand42	0.0	0.000632911392405	0.0	0.860126582278	0.0	0.0	0.00727848101266	0.0	0.000316455696203	0.00949367088608	0.0462025316456	0.00221518987342	0.0	0.0	0.0	0.0	0.0	0.0731012658228	0.0	0.0	0.0	0.0	0.0	0.0	0.0	0.0	0.000632911392405	0.0	0.0	0.0
Hand43	0.0	0.00142045454545	0.000473484848485	0.811553030303	0.0	0.0	0.00284090909091	0.0	0.00236742424242	0.0104166666667	0.0355113636364	0.00378787878788	0.0	0.00142045454545	0.000473484848485	0.0	0.0	0.127840909091	0.0	0.0	0.0	0.00142045454545	0.0	0.0	0.0	0.0	0.000473484848485	0.0	0.0	0.0
Hand45	0.0	0.000433463372345	0.0	0.799306458604	0.0	0.0	0.011270047681	0.0	0.0	0.00606848721283	0.0368443866493	0.000433463372345	0.0	0.00173385348938	0.0	0.0	0.0	0.143909839619	0.0	0.0	0.0	0.0	0.0	0.0	0.0	0.0	0.0	0.0	0.0	0.0
Hand46	0.0	0.00284495021337	0.000568990042674	0.805974395448	0.000568990042674	0.0	0.00455192034139	0.0	0.00113798008535	0.00682788051209	0.0347083926031	0.0	0.000284495021337	0.000284495021337	0.0	0.0	0.000284495021337	0.138549075391	0.000284495021337	0.0	0.0	0.0	0.000568990042674	0.0	0.000853485064011	0.00113798008535	0.000284495021337	0.000284495021337	0.0	0.0
Hand47	0.0	0.000746454341876	0.000248818113959	0.760388156258	0.0	0.0	0.0124409056979	0.0	0.00124409056979	0.00771336153272	0.0559840756407	0.000746454341876	0.0	0.0	0.00124409056979	0.0	0.0	0.15526250311	0.0	0.0	0.0	0.0	0.0	0.0	0.0029858173675	0.000995272455835	0.0	0.0	0.0	0.0
Hand49	0.0	0.00185666542889	0.00222799851467	0.748236167843	0.0	0.0	0.00816932788711	0.0	0.00185666542889	0.00445599702934	0.073523950984	0.00185666542889	0.0	0.000742666171556	0.0	0.0	0.0	0.156331229113	0.0	0.0	0.0	0.0	0.0	0.0	0.0	0.0	0.000742666171556	0.0	0.0	0.0
Hand50	0.0	0.00161877782274	0.00121408336706	0.803318494537	0.0	0.0	0.00404694455686	0.0	0.000404694455686	0.00364225010117	0.117361392149	0.000404694455686	0.0	0.000404694455686	0.0	0.0	0.0	0.0667745851882	0.0	0.000809388911372	0.0	0.0	0.0	0.0	0.0	0.0	0.0	0.0	0.0	0.0
Hand51	0.0	0.000627352572146	0.00250941028858	0.809284818068	0.0	0.0	0.0131744040151	0.0	0.00376411543287	0.00815558343789	0.0414052697616	0.00125470514429	0.0	0.0	0.0	0.0	0.0	0.11982434128	0.0	0.0	0.0	0.0	0.0	0.0	0.0	0.0	0.0	0.0	0.0	0.0
Hand53	0.0	0.0	0.00502512562814	0.815326633166	0.0	0.0	0.00376884422111	0.0	0.00125628140704	0.00753768844221	0.0515075376884	0.0	0.0	0.0	0.0	0.0	0.0	0.115577889447	0.0	0.0	0.0	0.0	0.0	0.0	0.0	0.0	0.0	0.0	0.0	0.0
Hand54	0.0	0.00884955752212	0.0	0.858407079646	0.0	0.0	0.00884955752212	0.0	0.0	0.0	0.0265486725664	0.0	0.0	0.0	0.0	0.0	0.0	0.0973451327434	0.0	0.0	0.0	0.0	0.0	0.0	0.0	0.0	0.0	0.0	0.0	0.0
Hand55	0.0	0.00171526586621	0.0	0.80102915952	0.0	0.0	0.00857632933105	0.0	0.00343053173242	0.00171526586621	0.0566037735849	0.0	0.0	0.0	0.0	0.0	0.0	0.123499142367	0.0	0.0	0.0	0.0	0.0	0.0	0.00343053173242	0.0	0.0	0.0	0.0	0.0
Hand57	0.0	0.0132547864507	0.00220913107511	0.685567010309	0.0	0.0	0.0294550810015	0.0	0.00147275405007	0.00662739322533	0.0684830633284	0.000736377025037	0.0	0.00147275405007	0.0	0.0	0.0	0.190721649485	0.0	0.0	0.0	0.0	0.0	0.0	0.0	0.0	0.0	0.0	0.0	0.0
Hand58	0.0	0.00393419170243	0.00107296137339	0.85765379113	0.0	0.0	0.00608011444921	0.0	0.00035765379113	0.00429184549356	0.0257510729614	0.00107296137339	0.0	0.0	0.0	0.0	0.0	0.0997854077253	0.0	0.0	0.0	0.0	0.0	0.0	0.0	0.0	0.0	0.0	0.0	0.0
Hand59	0.0	0.00399290150843	0.0	0.813664596273	0.00133096716948	0.0	0.00354924578527	0.0	0.0	0.00532386867791	0.0510204081633	0.000887311446318	0.0	0.0	0.0	0.0	0.000887311446318	0.11934338953	0.0	0.0	0.0	0.0	0.0	0.0	0.0	0.0	0.0	0.0	0.0	0.0
Hand61	0.0	0.00188323917137	0.000627746390458	0.821510776313	0.000209248796819	0.0	0.00585896631094	0.0	0.0010462439841	0.00418497593639	0.0330613098975	0.00125549278092	0.0	0.0	0.0	0.0	0.0	0.129106507638	0.0	0.0	0.0	0.0	0.000836995187278	0.0	0.000209248796819	0.0	0.000209248796819	0.0	0.0	0.0
Hand62	0.0	0.00359636132854	0.000423101332769	0.831394118891	0.0	0.0	0.00719272265708	0.0	0.000211550666385	0.00338481066215	0.046752697271	0.0	0.0	0.000423101332769	0.0	0.0	0.000211550666385	0.105775333192	0.0	0.0	0.0	0.0	0.0	0.0	0.000634651999154	0.0	0.0	0.0	0.0	0.0
Hand63	0.0	0.002435460302	0.0	0.817827569411	0.0	0.000730638090599	0.00633219678519	0.0	0.000730638090599	0.00852411105699	0.0621042377009	0.0	0.0	0.0002435460302	0.0	0.0	0.000487092060399	0.0993667803215	0.0	0.0	0.0	0.0002435460302	0.0	0.0	0.0	0.0	0.000974184120799	0.0	0.0	0.0
Hand65	0.0	0.00270669291339	0.00270669291339	0.805364173228	0.000492125984252	0.0	0.0108267716535	0.0	0.00221456692913	0.00295275590551	0.0504429133858	0.000984251968504	0.0	0.000246062992126	0.0	0.0	0.000246062992126	0.119586614173	0.000246062992126	0.0	0.0	0.0	0.0	0.0	0.0	0.0	0.000984251968504	0.0	0.0	0.0
Hand66	0.0	0.00184374279788	0.0	0.823461627103	0.00046093569947	0.0	0.00253514634708	0.0	0.000691403549205	0.00483982484443	0.0606130444803	0.0	0.0	0.000230467849735	0.0	0.0	0.00046093569947	0.10394100023	0.0	0.0	0.0	0.0	0.0	0.0	0.00046093569947	0.0	0.00046093569947	0.0	0.0	0.0
Hand67	0.0	0.00117536436295	0.000470145745181	0.822049835449	0.0	0.0	0.00611189468735	0.0	0.0	0.00869769628585	0.064880112835	0.0025858015985	0.0	0.0	0.0	0.000235072872591	0.0	0.0926187118007	0.0	0.0	0.0	0.0	0.000235072872591	0.0	0.000705218617772	0.000235072872591	0.0	0.0	0.0	0.0
Hand69	0.0	0.00104975855553	0.000839806844426	0.858282595003	0.0	0.0	0.00251942053328	0.0	0.00146966197775	0.00398908251102	0.0300230946882	0.000209951711106	0.0	0.000419903422213	0.0	0.0	0.0	0.100146966198	0.0	0.0	0.0	0.0	0.0	0.0	0.0	0.0	0.00104975855553	0.0	0.0	0.0
Hand70	0.0	0.0	0.0	1.0	0.0	0.0	0.0	0.0	0.0	0.0	0.0	0.0	0.0	0.0	0.0	0.0	0.0	0.0	0.0	0.0	0.0	0.0	0.0	0.0	0.0	0.0	0.0	0.0	0.0	0.0
Hand71	0.0	0.000635324015248	0.000635324015248	0.830156713257	0.000635324015248	0.0	0.00487081745023	0.0	0.00105887335875	0.00804743752647	0.0544260906396	0.00148242270224	0.0	0.0	0.0	0.0	0.000211774671749	0.0969927996612	0.0	0.000423549343499	0.0	0.0	0.0	0.0	0.0	0.0	0.0	0.000211774671749	0.000211774671749	0.0
Hand73	0.0	0.00336842105263	0.00105263157895	0.787368421053	0.000631578947368	0.0	0.00821052631579	0.0	0.00378947368421	0.0117894736842	0.0513684210526	0.00147368421053	0.0	0.000631578947368	0.0	0.0	0.000421052631579	0.128210526316	0.0	0.0	0.0	0.0	0.000210526315789	0.0	0.0	0.0	0.00147368421053	0.0	0.0	0.0
Hand74	0.00048828125	0.00244140625	0.001708984375	0.835205078125	0.000732421875	0.0	0.0029296875	0.0	0.00048828125	0.006591796875	0.05029296875	0.000244140625	0.0	0.0	0.0	0.0	0.0	0.09814453125	0.0	0.0	0.0	0.0	0.0	0.0	0.000244140625	0.0	0.0	0.00048828125	0.0	0.0
Hand75	0.0	0.00100502512563	0.000753768844221	0.862311557789	0.0	0.0	0.00402010050251	0.0	0.0	0.0072864321608	0.0489949748744	0.0	0.0	0.0	0.0	0.0	0.0	0.0753768844221	0.0	0.0	0.0	0.0	0.0	0.0	0.0	0.0	0.000251256281407	0.0	0.0	0.0
Hand77	0.0	0.00184374279788	0.0	0.697395713298	0.0	0.0	0.00253514634708	0.0	0.00138280709841	0.0774371975109	0.123300299608	0.0	0.0	0.0	0.0	0.0	0.0	0.0961050933395	0.0	0.0	0.0	0.0	0.0	0.0	0.0	0.0	0.0	0.0	0.0	0.0
Hand78	0.0	0.00101884870097	0.000254712175242	0.912633723892	0.0	0.0	0.00101884870097	0.0	0.000254712175242	0.00178298522669	0.0364238410596	0.000254712175242	0.0	0.0	0.0	0.0	0.0	0.046357615894	0.0	0.0	0.0	0.0	0.0	0.0	0.0	0.0	0.0	0.0	0.0	0.0
Hand79	0.0	0.000500625782228	0.000250312891114	0.931414267835	0.0	0.0	0.00100125156446	0.0	0.000250312891114	0.00200250312891	0.0327909887359	0.000250312891114	0.0	0.0	0.0	0.0	0.0	0.0315394242804	0.0	0.0	0.0	0.0	0.0	0.0	0.0	0.0	0.0	0.0	0.0	0.0
Hand81	0.0	0.00287201579609	0.0	0.841321127266	0.0	0.0	0.00448752468139	0.0	0.00107700592353	0.00287201579609	0.0457727517501	0.000179500987255	0.0	0.00107700592353	0.0	0.0	0.0	0.099084544965	0.0	0.0	0.0	0.0	0.0	0.0	0.000359001974511	0.000359001974511	0.0	0.0	0.000538502961766	0.0
Hand82	0.0	0.00209599664641	0.000838398658562	0.871515405575	0.0	0.0	0.00398239362817	0.0	0.000838398658562	0.00419199329281	0.061203102075	0.000209599664641	0.0	0.0	0.0	0.0	0.000209599664641	0.0544959128065	0.000209599664641	0.0	0.0	0.0	0.0	0.0	0.0	0.0	0.000209599664641	0.0	0.0	0.0
Hand83	0.0	0.000234796900681	0.000469593801362	0.895280582296	0.0	0.0	0.000939187602724	0.0	0.000234796900681	0.00305235970885	0.076543789622	0.000469593801362	0.0	0.0	0.0	0.0	0.0	0.0223057055647	0.0	0.0	0.0	0.0	0.0	0.0	0.000469593801362	0.0	0.0	0.0	0.0	0.0
Hand85	0.0	0.00171159606333	0.000427899015832	0.830338040223	0.000427899015832	0.0	0.00641848523748	0.000213949507916	0.000855798031665	0.0053487376979	0.0517757809157	0.00192554557125	0.0	0.000427899015832	0.0	0.0	0.000427899015832	0.0982028241335	0.0	0.0	0.0	0.0	0.0	0.0	0.000641848523748	0.0	0.000855798031665	0.0	0.0	0.0
Hand86	0.0	0.0025004808617	0.000577034045009	0.861319484516	0.0	0.0	0.00500096172341	0.0	0.000769378726678	0.00846316599346	0.0625120215426	0.00115406809002	0.0	0.00019234468167	0.0	0.0	0.00019234468167	0.0567416810925	0.0	0.0	0.0	0.0	0.0	0.0	0.0	0.00019234468167	0.000384689363339	0.0	0.0	0.0
Hand87	0.0	0.0	0.00310398344542	0.757889291257	0.0	0.0	0.00905328504915	0.0	0.0	0.0235385411278	0.112260734609	0.00129332643559	0.0	0.0	0.0	0.0	0.000517330574237	0.0923435075013	0.0	0.0	0.0	0.0	0.0	0.0	0.0	0.0	0.0	0.0	0.0	0.0
Hand89	0.0	0.00215517241379	0.00215517241379	0.812192118227	0.0	0.0	0.00584975369458	0.0	0.00277093596059	0.00615763546798	0.0600369458128	0.000307881773399	0.0	0.0	0.0	0.0	0.000307881773399	0.106219211823	0.0	0.0	0.0	0.0	0.0	0.0	0.0	0.0	0.001539408867	0.000307881773399	0.0	0.0
Hand90	0.0	0.00195993031359	0.000435540069686	0.785932055749	0.0	0.0	0.00130662020906	0.0	0.00065331010453	0.00174216027875	0.157012195122	0.0	0.0	0.0	0.0	0.0	0.0	0.0503048780488	0.000217770034843	0.0	0.0	0.0	0.0	0.0	0.000217770034843	0.0	0.000217770034843	0.0	0.0	0.0
Hand91	0.0	0.000863371465573	0.000431685732787	0.799913662853	0.0	0.0	0.000863371465573	0.000215842866393	0.0	0.000431685732787	0.17353766458	0.00064752859918	0.0	0.0	0.0	0.0	0.0	0.0226635009713	0.0	0.0	0.0	0.0	0.000215842866393	0.0	0.000215842866393	0.0	0.0	0.0	0.0	0.0
Hand92	0.0	0.00152140838948	0.00086937622256	0.898935014127	0.0	0.0	0.00173875244512	0.0	0.0	0.00173875244512	0.0449902195175	0.00043468811128	0.0	0.0	0.0	0.0	0.0	0.048902412519	0.0	0.0	0.0	0.0	0.0	0.0	0.00021734405564	0.0	0.00043468811128	0.00021734405564	0.0	0.0
Hand93	0.0	0.00131262305841	0.000218770509735	0.847954495734	0.0	0.0	0.00131262305841	0.0	0.000218770509735	0.0185954933275	0.0861955808357	0.000656311529206	0.0	0.0	0.0	0.0	0.0	0.0433165609276	0.0	0.0	0.0	0.0	0.0	0.0	0.0	0.0	0.000218770509735	0.0	0.0	0.0
Hand94	0.0	0.000391542678152	0.000195771339076	0.817541111981	0.000195771339076	0.0	0.00352388410337	0.0	0.00097885669538	0.00743931088489	0.0988645262334	0.00254502740799	0.0	0.0	0.0	0.0	0.0	0.0675411119812	0.0	0.0	0.0	0.0	0.0	0.0	0.000587314017228	0.0	0.000195771339076	0.0	0.0	0.0
Arm13	0.0	0.00212514757969	0.00047225501771	0.822904368359	0.0	0.0	0.00850059031877	0.0	0.0	0.0108618654073	0.0314049586777	0.00165289256198	0.0	0.000236127508855	0.0	0.0	0.0	0.118536009445	0.0	0.0	0.0	0.0	0.0	0.0	0.00236127508855	0.000236127508855	0.0	0.0	0.0	0.000708382526564
Arm14	0.0	0.00225779967159	0.000821018062397	0.853858784893	0.000410509031199	0.0	0.014367816092	0.0	0.0	0.00472085385878	0.0482348111658	0.000410509031199	0.0	0.0	0.0	0.0	0.0	0.0749178981938	0.0	0.0	0.0	0.0	0.0	0.0	0.0	0.0	0.0	0.0	0.0	0.0
Arm15	0.0	0.000190730497807	0.0	0.900247949647	0.0	0.0	0.00476826244516	0.0	0.0	0.00934579439252	0.0190730497807	0.000190730497807	0.0	0.0	0.0	0.0	0.0	0.0650390997521	0.0	0.0	0.0	0.0	0.000190730497807	0.0	0.0	0.0	0.0	0.0	0.000762921991226	0.000190730497807
Arm18	0.0	0.0049356223176	0.0141630901288	0.751072961373	0.000429184549356	0.0	0.0139484978541	0.000214592274678	0.0137339055794	0.0173819742489	0.0212446351931	0.00214592274678	0.000643776824034	0.00472103004292	0.0	0.0	0.000643776824034	0.151072961373	0.0	0.0	0.000214592274678	0.0	0.0	0.0	0.00128755364807	0.0	0.0	0.000643776824034	0.0	0.00150214592275
Arm19	0.0	0.00293255131965	0.00397989107667	0.760368663594	0.0	0.0	0.0100544616674	0.0	0.00104733975702	0.0171763720151	0.0364474235442	0.000209467951403	0.0	0.0	0.0	0.0	0.0	0.167783829074	0.0	0.0	0.0	0.0	0.0	0.0	0.0	0.0	0.0	0.0	0.0	0.0
Arm22	0.0	0.00338753387534	0.00271002710027	0.760501355014	0.0	0.0	0.0233739837398	0.0	0.0	0.0111788617886	0.0643631436314	0.000677506775068	0.0	0.0	0.0	0.0	0.0	0.133807588076	0.0	0.0	0.0	0.0	0.0	0.0	0.0	0.0	0.0	0.0	0.0	0.0
